1000
90 578 122
813 792 73
440 675 169
980 578 48
556 69 127
817 942 236
592 344 113
924 302 17
500 941 126
237 896 184
164 307 172
290 343 152
679 553 90
763 181 55
427 202 120
188 81 29
715 712 96
37 703 58
812 223 149
173 884 42
675 869 66
88 519 169
755 918 68
181 832 60
234 574 54
532 840 81
135 932 78
735 736 118
80 442 165
179 589 121
583 716 225
441 236 201
334 183 100
443 638 232
621 904 214
575 759 179
939 905 194
680 13 95
298 180 55
701 270 213
786 183 147
54 866 137
647 13 192
431 903 84
358 406 19
499 245 217
439 127 195
281 745 51
206 738 237
152 151 165
409 393 14
113 460 73
330 962 221
383 997 31
423 789 40
672 74 10
80 244 190
986 497 238
163 147 198
810 296 112
225 178 112
562 326 73
643 791 188
691 941 206
191 207 186
100 376 27
725 786 240
677 934 188
954 968 101
60 491 22
746 527 56
909 485 73
459 679 43
252 655 71
943 226 92
380 25 206
742 203 238
15 25 232
693 283 85
384 603 88
799 127 125
725 251 216
564 417 199
387 506 195
28 509 23
591 55 214
682 826 163
168 720 74
136 663 103
956 961 38
228 7 147
924 818 58
118 958 45
99 298 110
513 900 18
677 104 184
950 289 192
758 259 98
647 263 24
6 434 209
380 680 193
887 262 245
666 942 248
607 818 52
178 919 134
549 30 21
895 759 183
983 880 35
34 53 59
892 825 99
181 133 112
669 287 192
374 290 47
638 917 54
175 474 166
672 441 202
540 553 80
17 568 67
653 546 111
878 707 94
60 669 87
331 319 45
275 930 151
775 672 215
857 309 162
525 223 101
1 232 64
941 704 118
883 520 138
491 377 163
316 582 43
40 434 224
423 257 132
863 399 11
649 793 58
693 759 65
602 438 57
244 410 39
193 964 29
571 455 58
869 473 72
563 10 72
62 513 94
136 975 69
124 601 185
311 69 148
232 51 114
106 240 86
591 814 156
606 708 57
802 253 63
986 320 137
908 585 228
983 946 70
771 444 123
760 523 59
208 603 40
744 155 139
991 96 166
291 955 130
18 593 241
79 676 169
879 643 16
226 174 245
302 642 129
797 471 157
231 791 67
597 872 53
972 704 158
871 436 89
559 7 115
173 995 207
692 149 56
256 805 87
855 313 62
588 343 118
876 310 201
801 935 159
521 550 64
997 424 143
541 377 14
313 995 47
85 432 83
502 460 117
883 647 245
326 99 30
664 310 123
74 47 40
731 955 139
550 359 56
954 138 25
998 507 177 1000 200
940 653 132
916 463 19
904 941 140
421 393 218
512 315 113
170 785 66
388 180 177
852 451 82
766 463 183
592 111 238
350 207 138
770 261 56
765 817 162
748 628 99
642 928 130
489 249 245
516 412 233
254 299 120
241 523 199
219 913 141
177 75 71
753 179 157
306 657 38
821 813 125
211 666 172
988 613 174
859 81 60
482 606 150
357 182 135
316 306 141
193 365 219
516 533 130
330 994 116
686 744 36
957 565 111
989 578 123
170 54 154
38 102 140
691 191 144
911 682 94
948 497 186
511 784 153
329 945 80
608 350 96
719 638 186
490 565 44
237 661 62
794 110 111
47 184 116
179 480 139
652 713 104
779 711 39
42 717 24
134 569 110
447 934 205
58 945 155
157 569 136
900 216 97
593 509 107
909 8 68
536 73 13
104 239 226
781 393 100
276 598 47
605 212 180
935 254 187
827 497 35
747 162 92
954 870 108
77 59 25
389 65 32
431 169 17
351 358 16
531 665 134
289 45 91
243 128 76
878 66 192
143 345 149
981 421 230
950 117 208
948 651 54
347 236 35
263 823 164
935 60 140
663 762 150
390 676 73
690 544 72
160 16 83
461 55 168
745 194 159
376 254 45
926 754 119
71 754 211
976 59 178
447 781 106
149 158 187
505 222 43
307 439 143
447 632 27
607 206 67
945 472 63
893 306 55
842 870 108
460 957 197
626 979 12
122 993 19
719 851 59
929 134 29
453 332 248
525 592 30
102 443 168
687 600 159
934 636 199
479 58 108
319 412 135
832 284 26
245 209 83
712 770 18
781 242 51
726 627 177
271 964 145
535 643 169
607 89 179
372 252 79
756 537 59
249 175 127
838 339 19
125 199 12
608 425 208
721 883 66
955 860 126
693 264 200
815 367 228
709 151 151
495 558 179
118 717 23
113 438 41
165 664 185
742 301 133
44 923 84
109 75 64
419 873 245
463 617 143
599 975 186
618 588 190
631 281 180
329 740 215
479 230 79
424 168 51
574 17 140
170 944 146
379 332 88
44 647 80
521 567 83
797 556 17
573 158 140
285 527 17
66 188 62
1 998 189