500
135 422 145
329 93 82
443 270 131
253 480 57
98 2 216
420 140 44
466 213 133
319 387 189
445 347 154
370 162 89
324 487 30
23 120 109
114 241 147
303 45 172
456 139 200
323 486 209
351 226 229
376 356 139
499 384 134
228 300 190
121 295 233
218 56 61
39 126 78
413 262 14
328 459 230
437 382 146
430 200 81
128 21 222
164 479 4
474 141 66
117 429 166
305 181 194
21 384 80
54 135 34
143 348 116
207 18 112
163 93 231
33 254 192
231 114 141
159 95 192
385 252 54
292 450 119
138 254 209
459 326 154
318 473 245
468 40 22
311 63 113
158 195 88
102 160 95
250 393 247
238 94 139
193 95 31
432 269 55
67 154 27
294 167 129
26 222 231
319 315 41
330 390 162
147 411 207
9 90 246
252 451 1
72 278 163
477 29 34
168 181 96
267 270 124
494 447 150
232 251 202
122 423 131
281 47 33
378 124 16
377 22 241
283 261 29
353 221 86
272 392 120
75 197 9
268 390 160
61 150 194
1 237 90
84 314 114
113 136 187
439 113 232
333 126 186
46 68 127
308 13 64
64 481 149
381 118 80
188 134 212
258 39 130
263 3 63
126 481 13
68 311 72
241 306 125
377 8 103
480 372 154
48 163 143
376 471 57
31 349 81
463 67 110
179 402 92
479 113 4
369 424 207
53 212 101
15 87 2
85 32 157
391 103 123
180 407 85
191 370 101
36 267 43
481 344 43
28 322 225
113 293 107
336 279 245
459 414 18
293 391 156
218 328 131
210 412 79
457 276 161
226 498 240
324 280 140
130 371 244
255 335 37
175 455 68
104 131 53
303 254 243
228 291 147
418 2 119
8 421 87
1 371 9
451 235 86
441 379 61
444 379 23 489 199
253 19 200
169 167 6
466 229 169
16 229 170
345 382 148
149 161 15
474 312 47
298 12 116
77 384 66
409 240 124
10 318 75
356 302 182
352 425 132
13 50 148
42 492 100
105 332 157
417 216 149
210 226 123
490 237 87
489 109 235
29 428 249
79 358 198
251 183 129
140 445 164
377 63 148
290 286 162
61 470 120
104 54 10
500 58 138
362 173 199
148 323 114
152 213 20
382 144 13
229 239 121
490 417 220
463 185 118
188 420 167
382 349 174
43 426 117
35 66 94
216 489 136
10 171 66
314 297 39
29 266 101
220 175 34
276 371 176
132 441 62
209 94 170
390 255 31
164 8 199
115 393 105
62 275 153
217 411 241
88 426 91
436 393 153
458 469 249
449 240 166
61 434 107
51 267 135
217 220 40
393 231 84
240 48 222
174 342 8
72 20 54
377 45 13
394 193 153
312 492 237
471 382 97
159 431 63
242 251 122
425 46 12
143 68 177
82 188 189
311 300 225
439 87 89
339 288 23
294 152 23
6 214 133
315 177 43
252 392 186
369 33 229
115 316 200
153 492 119
470 402 173
410 67 114
62 193 98
392 122 191
139 487 194
398 337 205
129 170 234
369 19 212
415 400 54
159 198 186
27 160 175
143 246 54
266 262 239
390 97 112
390 74 237
425 100 45
267 181 54
355 30 234
27 350 193
482 14 177
91 271 209
132 331 89
470 274 176
23 266 44
213 308 151
211 245 58
358 285 77
449 236 45
152 458 142
86 304 191
350 109 4
339 386 27
143 397 173
390 171 126
159 25 28
45 49 9
1 498 120 450 98 489 189
498 500 158