100
33 96 232
55 33 125
42 6 154
40 84 239
23 91 90
57 81 114
97 67 189
85 64 134
7 29 47
64 7 26
6 4 131
70 30 213
27 97 150
92 87 61
100 30 209
10 88 99
61 51 144
17 82 249
33 9 105
52 93 208
30 10 243
100 21 83
27 89 44
34 31 55
96 15 13
33 91 144
6 25 120
5 45 233
1 65 115
8 62 99
4 94 86
3 83 1
98 21 177
65 76 78
31 87 227
53 65 149
36 75 70
48 19 28
14 48 249
90 79 22
30 31 5
24 99 120
58 93 95
30 6 83
98 65 206
70 49 123
87 79 170
27 17 145
27 3 230
96 71 187
77 96 153
18 16 82
17 72 54
96 4 170
12 14 73
63 23 58
75 34 87
56 87 52
70 98 55
49 63 118
14 16 87
87 35 84
52 72 83
61 3 230
65 69 51
63 64 194
71 41 68
97 60 33
86 75 136
3 22 118
18 64 193
15 58 6
70 38 88
37 43 60
3 54 177
51 68 185
70 47 62
74 22 161
84 60 74
70 87 34
52 64 176
35 60 22
60 38 165
28 27 88
50 85 111
66 99 6
85 26 110
81 22 189
47 78 35
93 87 221
6 80 80
30 46 145
88 86 38
86 19 226
74 4 86
23 67 37
54 26 228
90 93 163
29 92 199
22 94 144
43 12 248
86 12 43
6 22 153
27 59 92
85 88 178
9 63 93
87 53 169
14 37 132
90 20 197
70 15 176
88 80 70
11 41 61
36 18 150
64 22 171
85 23 137
15 41 207
10 65 142
65 97 29
38 63 74
41 35 82
84 83 135
34 39 125
96 46 243
56 78 210
79 59 50
54 17 200
27 40 18
62 73 169
40 77 151
16 63 87
27 62 133
54 76 57
3 82 124
26 99 34
36 78 122
22 73 161
38 62 35
19 34 196
49 90 152
66 7 197
39 59 74
25 45 93
90 95 114
20 5 231
19 35 35
19 25 225
9 71 185
92 51 179
80 66 28
83 54 165
49 76 82
72 73 44
21 23 143
57 76 242
33 59 208
68 42 199
47 83 70
45 91 164
78 65 100
12 60 213
83 100 223
95 78 130
67 63 45
99 51 15
13 49 46
64 5 177
90 83 42
21 96 177
30 25 171
16 89 229
85 74 33
49 61 171
46 66 22
27 33 29
51 47 103
31 48 91
37 4 90
96 75 13
98 96 56
93 53 5
1 13 138
91 30 43
56 14 154
81 24 18
41 18 59
87 46 201
13 3 74
49 68 138
42 91 242
23 90 179
49 56 15
25 59 190
19 68 144
92 3 7
27 28 29
28 56 193
68 37 236
72 74 18
40 75 9
39 6 43
56 12 235
66 78 217
94 27 115
46 50 50
6 85 248
24 89 249
77 38 83
1 74 32
97 100 224
24 66 69
40 20 223
69 38 128
14 60 116
17 76 212
27 31 52
59 15 94
90 17 24
98 62 213
40 47 91
67 40 213
45 75 125
78 60 167
49 34 2
48 12 135
23 75 103
89 28 211
7 61 139
88 93 207
60 11 88
60 96 23
75 70 199
68 30 243
68 100 67
80 16 185
12 57 27
48 36 222
16 32 67
69 12 208
28 10 119
63 29 168
91 5 100
15 27 43
18 26 80
65 41 122
95 44 87
69 88 52
53 69 216
35 18 128
70 51 182
4 7 160
8 36 4
38 7 173
1 37 138
73 29 66
89 33 51
65 98 141
71 69 199
65 77 205
42 99 144
21 94 93
65 25 102
14 81 91
25 89 107
92 21 174
27 80 83
15 64 132
60 32 140
35 83 208
1 62 1
7 11 211
22 50 248
26 33 97
93 91 52
31 11 176
15 28 97
99 80 142
1 50 218
82 68 159
35 87 17
28 47 192
78 13 229
69 81 67
4 68 197
75 86 72
57 85 227
55 65 83
91 36 173
12 65 13
55 100 53
30 42 148
42 55 71
92 60 41
78 86 120
91 13 198
85 22 23
55 64 22
49 16 71
17 83 38
38 99 81
56 21 96